100

5

3

41 1 13
59 1 27
59 1 27
37 1 17
37 1 13
37 1 5
59 1 8
61 1 28
37 1 23
59 1 16
47 1 27
59 1 9
59 1 18
61 1 28
61 1 10
47 1 9
41 1 10
37 1 27
41 1 20
47 1 30
37 1 14
47 1 15
47 1 14
61 1 15
47 1 2
37 1 7
61 1 27
61 1 12
61 1 28
47 1 16
59 1 18
47 1 13
37 1 30
37 1 28
41 1 28
37 1 18
47 1 20
47 1 24
41 1 27
37 1 1
61 1 1
47 1 10
61 1 25
59 1 9
59 1 31
59 1 9
41 1 14
61 1 27
37 1 28
47 1 5
59 1 1
59 1 10
59 1 6
59 1 8
47 1 2
37 1 8
41 1 5
41 1 6
59 1 13
37 1 19
41 1 30
59 1 30
59 1 30
37 1 31
59 1 21
47 1 6
41 1 31
47 1 13
47 1 31
47 1 23
47 1 26
61 1 12
47 1 15
47 1 21
61 1 14
41 1 19
41 1 17
61 1 26
41 1 27
37 1 28
41 1 15
61 1 13
47 1 4
61 1 8
61 1 14
59 1 12
47 1 24
37 1 12
61 1 7
47 1 28
61 1 22
59 1 2
41 1 11
41 1 9
37 1 2
47 1 14
61 1 3
47 1 11
37 1 2
59 1 21
